0.03827286725356515 0.03717662997702383 0.037122441736825426 0.03777583069752474
0.03827286725356515 0.03717662997702383 0.037122441736825426 0.03833956176940698
0.03827286725356515 0.03717662997702383 0.037122441736825426 0.03510052257162792
0.03827286725356515 0.03717662997702383 0.037122441736825426 0.038056417653590136
0.03827286725356515 0.03717662997702383 0.037122441736825426 0.03663081936868016
0.03827286725356515 0.03717662997702383 0.037122441736825426 0.03766829024778539
0.03827286725356515 0.03717662997702383 0.037122441736825426 0.03495979191966849
0.03827286725356515 0.03717662997702383 0.037122441736825426 0.03709621224102991
0.03827286725356515 0.03717662997702383 0.037122441736825426 0.0354602554160007
0.03827286725356515 0.03717662997702383 0.037122441736825426 0.035870223485969355
0.03827286725356515 0.03717662997702383 0.037122441736825426 0.037067253032683975
0.03827286725356515 0.03717662997702383 0.037122441736825426 0.03679807734898445
0.03827286725356515 0.03717662997702383 0.037122441736825426 0.034161220413754745
0.03827286725356515 0.03717662997702383 0.037122441736825426 0.03746429584598503
0.03827286725356515 0.03717662997702383 0.037122441736825426 0.034813852830218525
0.03827286725356515 0.03717662997702383 0.037122441736825426 0.0369671382629852
0.03827286725356515 0.03717662997702383 0.037122441736825426 0.035245430759883616
0.03827286725356515 0.03717662997702383 0.037122441736825426 0.03674976731246253
0.03827286725356515 0.03717662997702383 0.037122441736825426 0.03764832188254269
0.03827286725356515 0.03717662997702383 0.037122441736825426 0.03611803063264787
0.03827286725356515 0.03717662997702383 0.037122441736825426 0.0353651670492738
0.03827286725356515 0.03717662997702383 0.037122441736825426 0.03585637707252219
0.03827286725356515 0.03717662997702383 0.037122441736825426 0.03643962112627518
0.03827286725356515 0.03717662997702383 0.037122441736825426 0.038393511857773635
0.03827286725356515 0.03717662997702383 0.037122441736825426 0.03638767875965583
0.03827286725356515 0.03717662997702383 0.037122441736825426 0.036021835995628734
0.03827286725356515 0.03717662997702383 0.037122441736825426 0.03451410756683842
0.03827286725356515 0.03717662997702383 0.037122441736825426 0.03541688662989568
0.03827286725356515 0.03717662997702383 0.037122441736825426 0.03795674103718359
0.03827286725356515 0.03717662997702383 0.037122441736825426 0.03608357987729801
0.03827286725356515 0.03717662997702383 0.037122441736825426 0.036427594559257294
0.03827286725356515 0.03717662997702383 0.037122441736825426 0.03727764133174369
0.03827286725356515 0.03717662997702383 0.037122441736825426 0.0354224310586497
0.03827286725356515 0.03717662997702383 0.037122441736825426 0.03614937099517814
0.03827286725356515 0.03717662997702383 0.037122441736825426 0.03663489153267381
0.03827286725356515 0.03717662997702383 0.037122441736825426 0.03773281158074583
2.205567230819619 2.205567230819619 2.205567230819619 2.234025515865391
