0.34243026861909764 0.3069561181502002 0.303617800573761 0.27857087420033516
0.3530008987616977 0.31616137543082634 0.3129585389257651 0.2894647857399778
0.352884000132493 0.31618327736985874 0.3126481210838935 0.2867862260866168
1.2472451783361094 0.9793471300745281 0.9608419725823731 1.0156483803303837
1.2574301611243386 1.1279419183274018 1.08570247443208 Infinity
1.269470163382212 1.1265617281095275 1.0790003049494838 Infinity
1.274461256922267 1.0639040823950165 1.0278090859205375 Infinity
1.2707515814221484 1.0298013734454907 1.0018265957852486 Infinity
1.2904893803997535 1.0120154634784702 0.9885795338306478 Infinity
1.2646427711524713 0.9696446353784991 0.9488317293446507 1.0278903199867313
1.2788550251580149 1.0156393134260027 0.9960440519051617 1.0458805256712853
1.280749995952693 0.9960943375743003 0.9752156052373528 1.0487035610731865
1.2495710008360552 0.9444528983981982 0.922910283605465 1.0185303347157786
1.2632268108765117 0.9992685232557103 0.9799190738682041 1.0176809378253853
1.2921661069362786 1.0061272727350792 0.9867801546258608 1.0423716051568421
1.2750718285812763 0.9969198434937019 0.9779054270139541 1.0342851372816397
1.2802224455104616 1.0050907934175441 0.9804155462265838 4.4942328371557894E306
1.275474520457118 0.9891094042663274 0.9619435081959278 Infinity
1.2659055757030508 1.036568731052782 1.0152801756049596 Infinity
1.2386485378606864 1.0185420181042781 1.0014380830327607 1.009357384142115
1.2563963033174024 0.8368657226610077 0.8064825726793533 0.9048826516421162
1.2519525410051975 1.2424910368355477 1.224663653698871 1.3039992025834881
1.2968282707463001 1.287099202563407 1.2658148917285217 1.3527615373364585
1.3151457988417332 1.3141690705133602 1.2831099948534228 1.3411061644823108
1.247482315376407 1.247482315376407 1.2398898217027325 1.420714454932524
1.274062120875741 1.266033198752305 1.2485039616889497 1.3175865298772713
1.2559514241836445 1.2482915958936367 1.228974113664452 1.3040877290414723
1.2303191494733505 1.2215079972435865 1.2050579648429063 1.2764567080171685
1.4424845952665444 1.4410534874445835 1.4318544152615005 1.5621839982008539
1.3856671029349616 1.3856671029349616 1.3856671029349616 1.4274623435289222
1.1926818788289613 1.1833409455360213 1.1485563419955025 1.2599879859307472
1.296853449969859 1.2788362020442094 1.2467954229958496 1.2760893766925017
1.4220984672596826 1.4049536357356125 1.3944888765123422 1.5457696067889024
1.1278486565831933 1.1104206630021796 1.1024678997552648 1.2233810717891933
1.1998209860522928 1.1998209860522928 1.1998209860522928 1.2505485888102146
1.2684504225053568 1.2488052364839732 1.235713319880934 1.377713406499474
1.3724194168068449 1.3631727702961325 1.3519256587680912 1.4381813722490795
1.1783885636383704 1.1783885636383704 1.1783885636383704 1.281560005653559
1.3771130857942588 1.3771130857942588 1.3717865670004676 1.4370898800423597
1.2073272262710202 1.197671591266423 1.186118170126371 1.2548538500846798
0.0 0.0 0.0 0.0
1.1645047387073808 1.1574360414783906 1.131827528161275 1.2010184858545947
1.140207557230039 1.125327594165423 1.104526415612696 1.1598177739390363
1.239975759608972 1.225329319635235 1.215329211779704 1.2926852165538147
1.3677306886407745 1.3465562882247126 1.3088597154622377 1.3968324179910527
1.250515365588004 1.2403301539112936 1.2218578830975733 1.2926616219783462
1.28911714368359 1.2793086000286586 1.2638592317119233 1.3349497993255748
1.2890673336533736 1.27925784679135 1.259965995211986 1.338244306171923
1.2745494198043463 1.2662599032680486 1.2456921126417624 1.3256969751160772
1.2657597550873512 1.2572820056909866 1.2404377705840401 1.3181529440600976
1.2765120897227182 1.2681814086460432 1.2502248986507605 1.3155932101579593
1.2607778638802352 1.2520143846300578 1.2319421512668882 1.3137904541093173
1.2681823933695464 1.258905376742745 1.2394201351367562 1.3168195898357447
1.2685924057965525 1.2596484181613803 1.2406896710658821 1.3102127236799261
1.2457372046695367 1.2373898240617425 1.2188537717499883 1.2954171147221272
1.2526667664126896 1.2434858852127542 1.226259522921251 1.2995960966514952
1.2936654569022317 1.285171692521185 1.2668414964918209 1.7976931348623156E306
1.2807441945320153 1.272189421151328 1.2492648079042987 1.311453841701406
1.1245402140908431 1.1229339344523983 1.1065801239632742 1.2276851027576865
1.5031173370651079 1.4932130354675086 1.4747052204554152 1.55624556433158
1.3633758104596148 1.3515361505014984 1.3182068510426823 1.4217913710013048
1.260208189755898 1.2551440279563169 1.2316153123690352 1.313826242763495
1.3159659065441462 1.3034429293631735 1.2844505576289669 1.4220682356599341
1.0308708197057466 1.0308708197057466 1.0308708197057466 1.0248020665740698
1.081398900451268 1.0773477660418225 1.058538291269385 1.1298258541554689
1.576035114440608 1.576035114440608 1.576035114440608 1.6498147088042978
1.311056554523562 1.3005761197959582 1.2768944605368249 1.3308468014524824
1.310640792396366 1.310640792396366 1.310640792396366 1.3442033185761644
1.2559700519600703 1.2277396096107873 1.20555028536277 1.311958234167884
1.4192831819962972 1.3988712841763744 1.3840599502260247 1.4787510955927656
0.9063070777830239 0.8949021774190766 0.8844227200962941 0.9535820198344278
1.3630445623707546 1.3467412973086244 1.3220518803412515 1.4268433102055886
1.1737025487117316 1.1737025487117316 1.1737025487117316 1.2140444917653521
1.2868328465319432 1.2821192134349473 1.2461793588900199 1.3605310562430848
1.1908078002033617 1.171424177409044 1.1596778606324287 1.2277833892881622
1.563694183261024 1.563694183261024 1.5409329344238643 1.6173674256337243
1.2531557191023088 1.2346246753082364 1.2117676967218178 1.3210562374343815
1.2152721409845157 1.2053296868647085 1.180971118171436 1.2507812374398695
1.27124903092376 1.27124903092376 1.2553615246466199 1.3540815304386056
1.2058899549857558 1.2029272624373166 1.172203553811803 1.286242121841171
1.240329698827046 1.2269148064660504 1.193006720005918 1.2555966305669095
1.2688812988270453 1.2500177494715516 1.2232366981168301 1.2967004854843138
