2.4735181672239945 2.4735181672239945 2.4735181672239945 2.4375141804212324
2.1110177009795676 2.1110177009795676 2.1110177009795676 2.089978064504083
2.0620720009026914 2.0620720009026914 2.0620720009026914 2.0564949850362404
2.360228795397427 2.360228795397427 2.360228795397427 2.3303578750357525
2.0086066469237704 2.0086066469237704 2.0086066469237704 1.9834580058418907
2.0180410805505535 2.0180410805505535 2.0180410805505535 2.0570890183147026
2.2324198365976735 2.2324198365976735 2.2324198365976735 2.331635115952994
2.2793325973465883 2.2793325973465883 2.2793325973465883 2.1538207875191677
2.319894296927495 2.319894296927495 2.319894296927495 2.325350321487628
2.1561901191519186 2.1561901191519186 2.1561901191519186 2.149393773654693
2.205567230819619 2.205567230819619 2.205567230819619 2.1688043185030277
