2.615401696996683 2.615401696996683 2.615401696996683 2.632102586877527
3.0343597074569537 3.0343597074569537 3.0343597074569537 3.0938575110097286
2.916068653093652 2.916068653093652 2.916068653093652 2.9476155195854292
3.0198268900880745 3.0198268900880745 3.0198268900880745 2.9509163965633696
2.7124966175524228 2.7124966175524228 2.7124966175524228 2.7120729073365117
2.899879455504068 2.8659454792764856 2.804718486003857 2.8707597989331277
3.0802942504947715 2.996028433689546 2.9244468110175883 3.115804847323877
3.1960849507253997 3.1960849507253997 3.1960849507253997 3.1604683264765963
2.8499327560769125 2.8499327560769125 2.8499327560769125 2.8440765397696386
3.0143146048159104 3.0143146048159104 3.0143146048159104 3.015080317942448
3.390415790283986 3.3752378995109735 3.3637513816558835 3.417950319294546
2.993308511970283 2.993308511970283 2.993308511970283 3.0512803160955912
