0 1 12
0 2 77
0 3 35
0 4 72
0 5 93
0 6 44
0 7 60
0 8 49
0 9 68
0 10 11
1 11 88
1 30 75
2 12 67
2 31 83
3 13 80
3 32 27
4 14 22
4 33 57
5 15 76
5 21 65
5 22 10
5 23 97
5 34 91
6 16 76
6 35 27
7 17 49
7 36 48
8 18 54
8 37 63
9 19 31
9 38 33
10 20 53
10 39 53
11 52 92
12 52 60
13 52 52
14 21 49
14 24 19
15 22 35
15 25 51
16 23 13
16 26 39
17 52 62
18 52 49
19 52 84
20 52 15
21 24 63
22 25 33
23 26 72
24 27 58
25 27 40
26 27 84
27 28 35
28 29 92
29 30 26
29 31 72
29 32 34
29 33 11
29 34 42
29 35 89
29 36 75
29 37 93
29 38 20
29 39 35
30 40 66
30 42 30
31 40 69
31 43 67
32 40 17
32 44 64
33 40 29
33 45 52
34 40 24
34 46 51
35 40 56
35 47 78
36 40 97
36 48 44
37 40 71
37 49 31
38 40 21
38 50 96
39 40 31
39 51 70
40 41 10
41 42 22
41 43 65
41 44 24
41 45 94
41 46 26
41 47 29
41 48 81
41 49 14
41 50 51
41 51 94
42 52 64
43 52 49
44 52 43
45 52 61
46 52 90
47 52 43
48 52 28
49 52 98
50 52 32
51 52 58
